IUGFS    45.728371  -111.970802  1633.700000
 PD31    42.767200  -109.558098  2219.000000
DCID1    43.594500  -111.184500  1871.000000
 DLMT    45.362500  -112.596400  1569.000000
 FLWY    44.083002  -110.699888  2078.000000
 FXWY    43.638100  -111.026800  2254.000000
  IMW    43.893030  -110.943430  2552.000000
 LOHW    43.612400  -110.603800  2121.000000
 MOOW    43.748600  -110.744800  2128.000000
 REDW    43.362400  -110.851800  2192.000000
 RRI2    43.347400  -111.320100  2558.000000
 SNOW    43.459900  -110.754080  2413.000000
 TPAW    43.489650  -110.956750  2680.000000
 WUWY    43.539400  -110.742900  1965.000000
 K22A    42.650700  -106.524000  1686.000000
 E13A    46.442299  -114.188004  1257.000000
 E14A    46.416199  -113.492599  1675.000000
 E15A    46.424599  -112.641197  1520.000000
 E16A    46.533600  -111.676399  1398.000000
 E17A    46.462002  -110.857597  1835.000000
 E18A    46.566299  -109.913696  1459.000000
 E19A    46.461102  -108.786003  1059.000000
 E20A    46.503799  -108.130096   954.000000
 E21A    46.540798  -107.075699   834.000000
 F14A    45.812199  -113.369904  1851.000000
 F15A    45.840900  -112.492897  1995.000000
 F16A    45.784302  -111.626198  1350.000000
 F17A    45.905399  -110.658997  1545.000000
 F18A    45.904598  -109.715797  1291.000000
 F19A    45.853802  -108.943703  1243.000000
 F20A    45.800598  -108.148804  1194.000000
 F21A    45.823101  -107.123299  1026.000000
 F22A    45.779400  -106.256897   882.000000
 G14A    45.243198  -113.460403  2140.000000
 G15A    45.166000  -112.488701  1857.000000
 G16A    45.228500  -111.804604  1769.000000
 G17A    45.321201  -110.739799  1574.000000
 G18A    45.317101  -109.563103  1699.000000
 G20A    45.220200  -108.214104  1431.000000
 G21A    45.224998  -107.207001  1227.000000
 G22A    45.218899  -106.292397  1203.000000
 H14A    44.616501  -113.367401  1933.000000
 H15A    44.617298  -112.643898  1957.000000
 H16A    44.703800  -111.247803  2080.000000
 H17A    44.395100  -110.576202  2400.000000
 H18A    44.676899  -109.664101  2221.000000
 H19A    44.670399  -108.985703  1479.000000
 H20A    44.486801  -107.999001  1236.000000
 H21A    44.627701  -107.042297  1411.000000
 H22A    44.594299  -106.352097  1276.000000
 I13A    43.914600  -114.116898  2104.000000
 I14A    43.928600  -113.451797  1897.000000
 I15A    43.999699  -112.485001  1470.000000
 I16A    43.875599  -111.486801  1744.000000
 I17A    43.919998  -110.575897  2134.000000
 I18A    43.701302  -109.817101  2322.000000
 I19A    44.036301  -108.994301  1982.000000
 I20A    43.949600  -108.128304  1342.000000
 I21A    43.812199  -107.292000  1639.000000
 I22A    43.892399  -106.484001  1430.000000
 J13A    43.397900  -114.174202  1552.000000
 J14A    43.323399  -113.517799  1649.000000
 J15A    43.399799  -112.433403  1497.000000
 J16A    43.274101  -111.611900  2004.000000
 J17A    43.362900  -110.711800  1975.000000
 J18A    43.211201  -110.019997  2357.000000
 J19A    43.264900  -109.053101  1782.000000
 J20A    43.353100  -108.084198  1500.000000
 J21A    43.345901  -107.445900  1913.000000
 J22A    43.412601  -106.478500  1587.000000
 K13A    42.649300  -114.084000  1222.000000
 K14A    42.545200  -113.176003  1387.000000
 K15A    42.685200  -112.530502  1566.000000
 K16A    42.832100  -111.588402  1885.000000
 K17A    42.750702  -110.920097  1922.000000
 K18A    42.637199  -110.041702  2129.000000
 K19A    42.824699  -108.846603  1878.000000
 K20A    42.657902  -108.341797  1736.000000
 K21A    42.633202  -107.250999  1960.000000
 K22A    42.650700  -106.524002  1686.000000
 L13A    42.088600  -113.944397  1482.000000
 L14A    42.034302  -113.239799  1528.000000
 L15A    42.004101  -112.386002  1645.600000
 L16A    42.014900  -111.431900  2013.000000
 L17A    42.099499  -110.872704  1996.000000
 L18A    41.924301  -110.036400  2051.000000
 L19A    42.101200  -109.357498  2034.000000
 L20A    42.007301  -108.339798  2028.000000
 L21A    41.964100  -107.369499  2065.000000
 L22A    42.030998  -106.433800  2012.000000
 AHID    42.765400  -111.100400  1960.000000
  BOZ    45.596970  -111.629670  1589.000000
 BW06    42.766700  -109.558300  2224.000000
  LAO    46.688500  -106.223100   902.000000
 LKWY    44.565200  -110.400000  2424.000000
  MSO    46.829200  -113.940600  1264.000000
 REDW    43.362389  -110.851784  2192.000000
 RLMT    45.122100  -109.267300  2086.000000
  YDD    44.395100  -110.576200  2400.000000
  Y01    44.386139  -113.165291  2099.000000
  Y02    44.073051  -112.636993  1532.000000
  Y03    43.805000  -112.314697  1478.000000
  Y04    43.512691  -111.900528  1502.000000
  Y05    43.188160  -111.583069  1970.000000
  Y07    42.558720  -110.885597  2155.000000
 Y100    44.724468  -110.489891  2424.000000
 Y101    45.007500  -109.991997  2286.000000
 Y102    44.315506  -110.603928  2438.000000
 Y103    44.577293  -110.807083  2213.000000
 Y104    44.495499  -109.936478  6780.000000
 Y105    44.974998  -110.706001  1902.000000
 Y106    43.938999  -110.642998  2073.000000
  Y12    45.598618  -113.112076  2051.000000
  Y13    45.269993  -112.819572  1808.000000
  Y14    44.989849  -112.458916  1863.000000
  Y15    44.581600  -112.064178  2100.000000
  Y16    44.398125  -111.600883  1966.000000
  Y17    44.097874  -111.186272  1762.000000
  Y18    43.750805  -111.028069  1998.000000
  Y19    43.618999  -110.603653  2091.000000
  Y20    43.172592  -109.996284  2357.000000
  Y22    42.590179  -109.251701  2574.000000
  Y23    46.279205  -112.925354  1651.000000
  Y24    45.981915  -112.615028  1741.000000
  Y25    45.706890  -112.183418  1393.000000
  Y26    45.448570  -111.749893  1529.000000
  Y31    43.744659  -109.983772  2789.000000
  Y32    43.580318  -109.451118  2138.000000
  Y33    43.230663  -108.976311  1756.000000
  Y34    42.973625  -108.561020  1562.000000
  Y35    42.568539  -108.039314  2062.000000
  Y37    46.178696  -112.029503  1454.000000
  Y38    45.898441  -111.607735  1298.000000
  Y39    45.594784  -111.223068  1517.000000
  Y40    45.353935  -110.753677  1547.000000
  Y43    44.453224  -109.597763  1897.000000
  Y44    44.101460  -109.189163  2121.000000
  Y46    43.596363  -108.204308  1362.000000
  Y47    45.993340  -110.042473  1644.000000
  Y50    45.152763  -108.965797  1197.000000
  Y51    44.769852  -108.532646  1252.000000
  Y61    46.595699  -111.028290  1510.000000
  Y62    46.173710  -110.555351  1797.000000
  Y63    44.537731  -107.916328  1239.000000
  Y64    44.105850  -107.474152  1415.000000
  CIC    42.948299  -113.213303  1493.500000
  NST    42.907700  -113.977798  1310.600000
  N00    42.460781  -107.698647  1945.000000
  N01    42.280624  -107.601555  2275.000000
  N02    42.154625  -107.503929  1983.000000
  N03    42.070187  -107.462936  1996.000000
  N04    41.981560  -107.433304  2002.000000
  N05    41.894615  -107.392197  2077.000000
  N06    41.800453  -107.354874  2136.000000
  N01    46.280998  -109.411003  1800.000000
  N02    46.250999  -109.205002  1800.000000
  N04    46.205002  -108.540001  1800.000000
  N05    46.250000  -108.300003  1800.000000
  N06    46.416000  -109.518997  1800.000000
  N07    46.443001  -109.236000  1800.000000
  N08    46.500000  -108.861000  1800.000000
  N09    46.513000  -108.591003  1800.000000
  N10    46.609001  -109.193001  1800.000000
  N11    46.672001  -108.885002  1800.000000
  N12    46.648998  -108.650002  1800.000000
  S01    45.182999  -109.219002  1800.000000
  S02    45.268002  -108.768997  1800.000000
  S03    45.383999  -109.433998  1800.000000
  S04    45.383999  -109.181999  1800.000000
  S05    45.414001  -108.940002  1800.000000
  S06    45.577000  -108.608002  1800.000000
  S07    45.574001  -109.744003  1800.000000
  S09    45.556999  -109.200996  1800.000000
  S10    45.617001  -108.870003  1800.000000
  S11    45.578999  -108.607002  1800.000000
  S13    45.744999  -109.433998  1800.000000
  S14    45.785999  -109.184998  1800.000000
  S15    45.827000  -108.818001  1800.000000
  S16    45.839001  -108.575996  1800.000000
  S17    45.799999  -108.250000  1800.000000
  S18    45.953999  -109.498001  1800.000000
  S19    46.077999  -109.150002  1800.000000
  S20    46.062000  -108.940002  1800.000000
  S21    45.950001  -108.599998  1800.000000
  S22    46.000999  -108.290001  1800.000000
  Y07    42.558720  -110.885597  2155.000000
  Y16    44.398125  -111.600883  1966.000000
  Y22    42.590179  -109.251701  2574.000000
  Y34    42.973625  -108.561020  1562.000000
  Y46    43.596363  -108.204308  1362.000000
  D01    43.635601  -113.740097  2138.000000
  D02    43.612202  -114.186996  2020.000000
  D07    43.919998  -113.475800  1852.000000
  D08    43.938099  -114.197304  2261.000000
  D11    44.071999  -114.021797  2126.000000
  D31    44.561699  -113.353996  2017.000000
  D32    44.533001  -113.986801  1823.000000
  D36    44.804401  -113.706703  1622.000000
  D37    44.866299  -114.014900  1938.000000
  L01    44.309700  -113.405701  2090.000000
  L02    44.306900  -113.602798  2144.000000
  L03    44.313702  -113.842499  2281.000000
  L04    44.299000  -114.114197  2077.000000
  BB1    44.544998  -107.628304  2319.000000
  BB2    44.545601  -107.783401  1348.000000
  BB3    44.516800  -107.903702  1272.000000
 BH1A    44.976200  -108.581398  1300.000000
 BH1B    44.816002  -108.233704  1209.000000
 BH1C    44.932701  -107.765701  2517.000000
 BH1D    44.830101  -107.314102  1496.000000
 BH1E    44.200401  -106.960899  2595.000000
 BH1F    45.275398  -106.645302  1017.000000
 BH2A    44.686298  -108.609398  1318.000000
 BH2B    45.200001  -108.258301  1402.000000
 BH2C    44.138302  -107.828300  1336.000000
 BH2D    44.657600  -107.540001  2831.000000
 BH2E    43.893902  -106.880501  1860.000000
 BH2F    45.097599  -106.630600  1287.000000
 BH2G    44.790798  -106.016800  1183.000000
 BH3A    44.246601  -108.735100  1183.000000
 BH3C    44.709400  -107.956497  1428.000000
 BH3D    44.417301  -107.389999  2820.000000
 BH3E    43.593300  -106.892799  1758.000000
 BH3F    44.826500  -106.640503  1456.000000
 BH4A    43.704899  -108.711998  1773.000000
 BH4C    43.515800  -107.710800  2122.000000
 BH4D    44.055302  -107.272301  2216.000000
 BH4F    44.267101  -106.594200  1463.000000
 BH5G    43.640301  -106.029999  1505.000000
 BHM1    44.661201  -106.952301  1292.000000
 BHM2    44.617001  -107.119698  2194.000000
 BHM3    44.606201  -107.203300  2336.000000
 BHM4    44.574799  -107.295303  2721.000000
 BHM5    44.539101  -107.536797  2726.000000
 BHM6    44.548500  -107.823601  1295.000000
 BHM7    44.493401  -108.313004  1323.000000
 BHN1    44.750500  -107.504898  2506.000000
 BRWY    43.637218  -109.387085  2255.000000
 CFWY    44.130432  -111.028580  1944.000000
  CSR    44.462200  -109.860916  2021.000000
 EHMT    45.066818  -111.191483  2050.000000
 HPWY    44.878216  -109.652702  1990.000000
 IPID    44.417618  -111.370819  1919.000000
 PCWY    43.844650  -110.451065  2180.000000
 RMWY    43.851284  -110.309616  2100.000000
 RRWY    44.450932  -109.526031  1897.000000
 SGMT    45.006916  -109.992264  2260.000000
 SNFF    44.153069  -109.603821  1944.000000
 SRMT    45.196468  -110.901833  1524.000000
 TMMT    45.038784  -110.699867  1743.000000
 WYMT    44.760601  -111.178284  1999.000000
